100080643843769
100027987518576
100082781012028
100009969858451
100092650822756
100008298771043
100008386205364
100004175492998
100075512684658
100038942355801
100040827234040
100011870021433
100047030463567
100004102984944
user/1381126107
100047014410086
100075738737136
100034805150849
100010204772724
100001539261807
100087290323633
100009719435262
100092577136425
100006635192206
100055162687938
100022319019230
user/1446510449
100036803316486
100010019041901
100015298009481
100022366175377
/user/647728138
100004292461370
100076679824081
100036331265467
100006801944826
100005596513986
100026462777556
100007827933699
100014075196364
100010082740837
100001756256205
100083433872775
100039215210673
100006379151799
100023307667464
100035342800208
100015963695343
100012109183218
100033837037808
100010034762022
100015152047564
100012679863687
100025283885948
100092035505938
100009798275386
100035091347149
100004661706527
100003679694009
100012039648067
100006681901536
100007121233827
100000339741843
100019753923475
100010944438621
100022266884227
100017440776111
100026046830005
100006940421120
100045266101052
100083411707003
100071544065065
100004214739675
100008230024292
100020214667835
100005839003533
100014293059534
100043921254217
100006108961675
100016241136662
100006587976713
100013159242521
100007222783855
100010403987796
100070860274940
100002842806984
100045938271010
100007530548721
100012307986228
100004214049853
100005915316832
100006222526317
100073973470402
100023135193726
100028121418593
100014370091802
user/1167350151
100012192662414
100042328604508
100005783532503
100070901492350
100005209230088
100013622490554
100057409754952
100003802446474
100028142792569
100026189904244
100029922550949
100004373351977
100004062379980
100022092758546
100011136601123
100008686772235
100007089961487
100002523605767
100063808686222
100006465990573
100010741470340
100008176484876
100027538784353
100005535572530
100079204236372
100000592347151
100009874455377
100065366439548
100014580494653
100009150463199
100003293097371
user/1510127580
100028722974805
100012121098815
100015499202006
100006293800354
100019447778210
100012511518631
100004098426699
100000175544819
100009296463356
100003152735291
100033472545230
100027385402548
100008740664852
100009224706790
100039908423339
100032300970125
100008377185033
100018939549755
100025372604467
100007238072927
100033493653744
100080161621077
100089624015970
100006853290182
100008274126998
100009831633220
100011492058085
100005900139892
100003872511322
100001745197232
100009226186797
100050261301114
100007417214339
100010079441848
100035098290119
100011139907258
100039069894229
100030188617019
100000256864756
100012397921615
100033324403940
100017665441889
100016711111325
100034379444763
100039746330538
100006343697423
100005857086429
100014691526425
100004216876509
100013514915657
100006665830073
100042990220177
100004671642545
100015714816210
100022542647372
100091706727999
100054934282305
100013769135429
100015914823742
100006254448926
100069557861854
user/1165868284
100025850441657
100006305707876
100089163822124
100042925953348
/user/565043299
100004688132460
100075292957534
100040103567216
100021858107255
100034307612576
100084479216090
100076989971787
100012550806970
100028055460672
100027395130890
100002261937343
100009998405213
100003019214403
100081335384449
100040349503157
100052761909532
100000150734178
100016199014121
100007435262523
100045508613677
100010143702433
100009839081418
100080837491077
100013964582427
100060026706914
/user/697039436
100005165525186
100012270002208
100000844737859
100070667388817
100050003047659
100015393376304
100053618764440
100078217656036
100010283054696
100024498212886
100004207001006
100052009000805
user/1806908285
100008415126448
100073775001634
100008499213161
100071248600386
100091793614018
100028418960955
100093008372029
100054839473330
100011809835795
100040244961537
100078762004513
100014495348421
100021841598340
100004418286317
100010274011889
100071961076971
100017565433215
100045214761327
100005126915408
100005501385740
100073377278697
100022605941547
100089418825932
100088721212698
100002294599580
100092594741646
100012339995432
100061166490922
100004660062898
100057832427497
100090054085161
100092988332299
100092488549720
100015090707454
100001931954481
100002850085449
100057172389927
100010930480238
100004205523927
100003925131876
100089617323833
100074328000931
100088079439767
100001393271334
100010785157000
100043553790006
100028250353506
100059820331515
100004376345421
100006467553216
100079965190347
100014894732971
100084838954115
100037298347204
100028444884111
100017134935149
100088331847800
100011135700894
100044518999040
100064089215805
100092009572426
100073919205595
100067012676442
100010828216095
100008309956211
100000247184409
100011195747277
100030842554598
100090558813007
100092706424449
100006439547482
100091749791934
100009024200554
100010917663098
100012940668997
100000159592884
100000996423161
100025503810354
100073752327906
100038345948580
100010434360623
100046298257428
100006595936229
100006443108467
100006367209052
100047474974491
100016532563345
100060196172060
100006370092413
100056220754674
100092651351392
100092490762842
100003988415390
100015263447753
100015649381003
100081075818408
100010299578649
100012705375001
100010912634380
100005944261818
100077229789323
100005196640596
100005528209121
100027182615720
100051189151038
100048961224352
100007772467072
100092039025086
100044582360820
100009289106950
100049550202502
100005953632321
100092054240187
100028528971702
100009222818591
100000819186681
100012966948233
100081649313392
100055237029722
100008325702320
100014033294926
100009624069418
100092564554545
100015726152351
100010073642759
100008177885369
100038941162292
100002827348387
100000206808153
100012141931226
100020975864693
100007740797183
100079648974143
100043678867114
100015923831076
100006335887096
100003005463637
100005443770393
100008230157159
100018365269703
100062770096167
100011607821089
100033941260353
100005465620248
100003190967002
100091000114008
100054452682876
100015536256815
100051972851414
100092368382739
100016656457041
100005906471590
100085854231482
user/1527280779
100005657972615
100011140867518
100047875637653
100013612606616
100086904931245
100008496666549
100010665482781
100011323644568
100026391980937
100077354417386
100092027661115
100012130814557
100028134666212
100030662776150
100004267921846
100067494716056
100069595093963
100003073878853
100089735507954
100054124803019
100006686983050
100022034376889
100014064909908
100028145371492
100042666463287
100051785089403
100050323834123
100009044836843
100040305281079
100014142150774
100089513020712
user/1293187069
100023197099655
100009977447678
100002708128233
100089218614813
100000853526152
100043231085769
100007917766662
100004880138606
100002698669337
100007053975937
100054567818357
100010584857039
100000023676279
100007199233979
100013041511022
100026792910098
100000935774412
100033488363492
100036882972899
100073785667874
100004347030954
100011480705665
100040364124163
100080870737709
user/1706392738
100040469975341
100005152895984
100075586455428
100003925044098
100073683462791
100008966411528
100031699481945
100046566953515
100012394334375
100003650885236
100008154312301
100024753150226
100009540337795
100003470352284
100003437578208
100009851380195
100060719401790
100006476596425
100092228688416
100001854916911
100013993876754
100002793508721
100006452326600
100068011723394
100006480554828
100010154144150
100004777680108
100008264499121
100029255447656
100007851132651
100009189616563
100009485877000
100079914069285
100006694087218
100007621925493
100027488491691
user/1185494529
100025163893957
100051445714682
100081935852344
100001538361802
100036883724739
100037369547244
100070537264200
100016622859709
100010459900164
100091301976043
100014283722163
100010865773723
100006179048466
100089282007735
100004033808319
100003574270771
100091854057112
100063708889934
100006059192462
100002089792940
100004038473376
100034420471657
100008166728118
100002745355119
100051736371840
100012671296475
100006646716175
100010596304189
100011474262269
100023828416198
100011774343837
100007867113765
100083984154081
100040417663251
100016263102562
100005832780516
100091513294081
100007234871101
100030298068866
100037345772243
100006839890701
100012746405129
100022802123285
100055475873782
100003884448942
100028439302286
100041681312411
100012750214950
100024401902288
100022000841580
/user/709073596
100091765125602
100032784524811
100083962669495
100026015672329
100028980167161
100008706966258
100003520260657
100022632401872
100080655459412
100005962237755
100032517820927
100090592062884
100083233812465
100013367116466
100042594611322
100012138376551
100005655993595
100092303416949
100074516930775
100050086082734
100038539907388
100014510979564
100006793183719
100016862822379
100004793229313
100009405860607
100070295419160
100015297008756
100091864107465
100001450248788
100006038917967
100005223360290
100010113065814
100040147452665
100003296721546
100082220123492
100010875948204
100010586324581
100002193970751
100051940334289
100080478756962
100012652115144
100002516031055
100013602074240
100009375037554
100011428193005
100023401262908
100000063346857
user/1850232253
100009021413741
100015910836516
100030144096291
100005013303102
100030690654021
100038853890529
100006021165697
100047481250771
100003097257278
user/1781816986
100019519416239
100088713747794
100014113573659
100092345079816
100029389038266
100007370113414
100004425042597
